2025/09/21-17:20:41.856084 816c RocksDB version: 8.3.0
2025/09/21-17:20:41.856127 816c DB SUMMARY
2025/09/21-17:20:41.856136 816c DB Session ID:  9F2VQL3A9O78D09FXXT5
2025/09/21-17:20:41.856296 816c SST files in C:\Users\codz\Desktop\Github\Server-Files\Files\db\default dir, Total Num: 0, files: 
2025/09/21-17:20:41.856303 816c Write Ahead Log file in C:\Users\codz\Desktop\Github\Server-Files\Files\db\default: 
2025/09/21-17:20:41.856310 816c                         Options.error_if_exists: 0
2025/09/21-17:20:41.856315 816c                       Options.create_if_missing: 1
2025/09/21-17:20:41.856320 816c                         Options.paranoid_checks: 1
2025/09/21-17:20:41.856324 816c             Options.flush_verify_memtable_count: 1
2025/09/21-17:20:41.856434 816c                               Options.track_and_verify_wals_in_manifest: 0
2025/09/21-17:20:41.856440 816c        Options.verify_sst_unique_id_in_manifest: 1
2025/09/21-17:20:41.856442 816c                                     Options.env: 0000026517F24490
2025/09/21-17:20:41.856445 816c                                      Options.fs: WinFS
2025/09/21-17:20:41.856447 816c                                Options.info_log: 0000026518053430
2025/09/21-17:20:41.856448 816c                Options.max_file_opening_threads: 16
2025/09/21-17:20:41.856450 816c                              Options.statistics: 0000000000000000
2025/09/21-17:20:41.856452 816c                               Options.use_fsync: 0
2025/09/21-17:20:41.856454 816c                       Options.max_log_file_size: 0
2025/09/21-17:20:41.856456 816c                  Options.max_manifest_file_size: 1073741824
2025/09/21-17:20:41.856457 816c                   Options.log_file_time_to_roll: 0
2025/09/21-17:20:41.856459 816c                       Options.keep_log_file_num: 10
2025/09/21-17:20:41.856461 816c                    Options.recycle_log_file_num: 0
2025/09/21-17:20:41.856463 816c                         Options.allow_fallocate: 1
2025/09/21-17:20:41.856465 816c                        Options.allow_mmap_reads: 0
2025/09/21-17:20:41.856466 816c                       Options.allow_mmap_writes: 0
2025/09/21-17:20:41.856468 816c                        Options.use_direct_reads: 0
2025/09/21-17:20:41.856470 816c                        Options.use_direct_io_for_flush_and_compaction: 0
2025/09/21-17:20:41.856472 816c          Options.create_missing_column_families: 0
2025/09/21-17:20:41.856474 816c                              Options.db_log_dir: 
2025/09/21-17:20:41.856476 816c                                 Options.wal_dir: 
2025/09/21-17:20:41.856478 816c                Options.table_cache_numshardbits: 6
2025/09/21-17:20:41.856479 816c                         Options.WAL_ttl_seconds: 0
2025/09/21-17:20:41.856481 816c                       Options.WAL_size_limit_MB: 0
2025/09/21-17:20:41.856483 816c                        Options.max_write_batch_group_size_bytes: 1048576
2025/09/21-17:20:41.856485 816c             Options.manifest_preallocation_size: 4194304
2025/09/21-17:20:41.856486 816c                     Options.is_fd_close_on_exec: 1
2025/09/21-17:20:41.856488 816c                   Options.advise_random_on_open: 1
2025/09/21-17:20:41.856490 816c                    Options.db_write_buffer_size: 0
2025/09/21-17:20:41.856492 816c                    Options.write_buffer_manager: 0000026517F24580
2025/09/21-17:20:41.856494 816c         Options.access_hint_on_compaction_start: 1
2025/09/21-17:20:41.856495 816c           Options.random_access_max_buffer_size: 1048576
2025/09/21-17:20:41.856497 816c                      Options.use_adaptive_mutex: 0
2025/09/21-17:20:41.856499 816c                            Options.rate_limiter: 0000000000000000
2025/09/21-17:20:41.856501 816c     Options.sst_file_manager.rate_bytes_per_sec: 0
2025/09/21-17:20:41.856503 816c                       Options.wal_recovery_mode: 2
2025/09/21-17:20:41.856504 816c                  Options.enable_thread_tracking: 0
2025/09/21-17:20:41.856506 816c                  Options.enable_pipelined_write: 0
2025/09/21-17:20:41.856508 816c                  Options.unordered_write: 0
2025/09/21-17:20:41.856526 816c         Options.allow_concurrent_memtable_write: 1
2025/09/21-17:20:41.856529 816c      Options.enable_write_thread_adaptive_yield: 1
2025/09/21-17:20:41.856531 816c             Options.write_thread_max_yield_usec: 100
2025/09/21-17:20:41.856533 816c            Options.write_thread_slow_yield_usec: 3
2025/09/21-17:20:41.856535 816c                               Options.row_cache: None
2025/09/21-17:20:41.856536 816c                              Options.wal_filter: None
2025/09/21-17:20:41.856539 816c             Options.avoid_flush_during_recovery: 0
2025/09/21-17:20:41.856540 816c             Options.allow_ingest_behind: 0
2025/09/21-17:20:41.856542 816c             Options.two_write_queues: 0
2025/09/21-17:20:41.856544 816c             Options.manual_wal_flush: 0
2025/09/21-17:20:41.856546 816c             Options.wal_compression: 0
2025/09/21-17:20:41.856547 816c             Options.atomic_flush: 0
2025/09/21-17:20:41.856549 816c             Options.avoid_unnecessary_blocking_io: 0
2025/09/21-17:20:41.856551 816c                 Options.persist_stats_to_disk: 0
2025/09/21-17:20:41.856553 816c                 Options.write_dbid_to_manifest: 0
2025/09/21-17:20:41.856555 816c                 Options.log_readahead_size: 0
2025/09/21-17:20:41.856556 816c                 Options.file_checksum_gen_factory: Unknown
2025/09/21-17:20:41.856558 816c                 Options.best_efforts_recovery: 0
2025/09/21-17:20:41.856560 816c                Options.max_bgerror_resume_count: 2147483647
2025/09/21-17:20:41.856562 816c            Options.bgerror_resume_retry_interval: 1000000
2025/09/21-17:20:41.856564 816c             Options.allow_data_in_errors: 0
2025/09/21-17:20:41.856565 816c             Options.db_host_id: __hostname__
2025/09/21-17:20:41.856567 816c             Options.enforce_single_del_contracts: true
2025/09/21-17:20:41.856569 816c             Options.max_background_jobs: 2
2025/09/21-17:20:41.856571 816c             Options.max_background_compactions: -1
2025/09/21-17:20:41.856573 816c             Options.max_subcompactions: 1
2025/09/21-17:20:41.856575 816c             Options.avoid_flush_during_shutdown: 0
2025/09/21-17:20:41.856577 816c           Options.writable_file_max_buffer_size: 1048576
2025/09/21-17:20:41.856579 816c             Options.delayed_write_rate : 16777216
2025/09/21-17:20:41.856581 816c             Options.max_total_wal_size: 0
2025/09/21-17:20:41.856582 816c             Options.delete_obsolete_files_period_micros: 21600000000
2025/09/21-17:20:41.856584 816c                   Options.stats_dump_period_sec: 600
2025/09/21-17:20:41.856586 816c                 Options.stats_persist_period_sec: 600
2025/09/21-17:20:41.856588 816c                 Options.stats_history_buffer_size: 1048576
2025/09/21-17:20:41.856590 816c                          Options.max_open_files: -1
2025/09/21-17:20:41.856592 816c                          Options.bytes_per_sync: 0
2025/09/21-17:20:41.856593 816c                      Options.wal_bytes_per_sync: 0
2025/09/21-17:20:41.856595 816c                   Options.strict_bytes_per_sync: 0
2025/09/21-17:20:41.856597 816c       Options.compaction_readahead_size: 0
2025/09/21-17:20:41.856599 816c                  Options.max_background_flushes: -1
2025/09/21-17:20:41.856600 816c Compression algorithms supported:
2025/09/21-17:20:41.856605 816c 	kZSTD supported: 0
2025/09/21-17:20:41.856607 816c 	kSnappyCompression supported: 0
2025/09/21-17:20:41.856609 816c 	kBZip2Compression supported: 0
2025/09/21-17:20:41.856611 816c 	kZlibCompression supported: 1
2025/09/21-17:20:41.856613 816c 	kLZ4Compression supported: 1
2025/09/21-17:20:41.856615 816c 	kXpressCompression supported: 0
2025/09/21-17:20:41.856616 816c 	kLZ4HCCompression supported: 1
2025/09/21-17:20:41.856618 816c 	kZSTDNotFinalCompression supported: 0
2025/09/21-17:20:41.856623 816c Fast CRC32 supported: Not supported on x86
2025/09/21-17:20:41.856625 816c DMutex implementation: std::mutex
2025/09/21-17:20:41.861479 816c [db\db_impl\db_impl_open.cc:316] Creating manifest 1 
2025/09/21-17:20:41.873239 816c [db\version_set.cc:5791] Recovering from manifest file: C:\Users\codz\Desktop\Github\Server-Files\Files\db\default/MANIFEST-000001
2025/09/21-17:20:41.873401 816c [db\column_family.cc:621] --------------- Options for column family [default]:
2025/09/21-17:20:41.873405 816c               Options.comparator: leveldb.BytewiseComparator
2025/09/21-17:20:41.873407 816c           Options.merge_operator: None
2025/09/21-17:20:41.873410 816c        Options.compaction_filter: None
2025/09/21-17:20:41.873412 816c        Options.compaction_filter_factory: None
2025/09/21-17:20:41.873413 816c  Options.sst_partitioner_factory: None
2025/09/21-17:20:41.873415 816c         Options.memtable_factory: SkipListFactory
2025/09/21-17:20:41.873417 816c            Options.table_factory: BlockBasedTable
2025/09/21-17:20:41.873433 816c            table_factory options:   flush_block_policy_factory: FlushBlockBySizePolicyFactory (0000026518031A50)
  cache_index_and_filter_blocks: 0
  cache_index_and_filter_blocks_with_high_priority: 1
  pin_l0_filter_and_index_blocks_in_cache: 0
  pin_top_level_index_and_filter: 1
  index_type: 0
  data_block_index_type: 0
  index_shortening: 1
  data_block_hash_table_util_ratio: 0.750000
  checksum: 4
  no_block_cache: 0
  block_cache: 0000026517F24770
  block_cache_name: LRUCache
  block_cache_options:
    capacity : 33554432
    num_shard_bits : 6
    strict_capacity_limit : 0
    memory_allocator : None
    high_pri_pool_ratio: 0.500
    low_pri_pool_ratio: 0.000
  persistent_cache: 0000000000000000
  block_size: 4096
  block_size_deviation: 10
  block_restart_interval: 16
  index_block_restart_interval: 1
  metadata_block_size: 4096
  partition_filters: 0
  use_delta_encoding: 1
  filter_policy: nullptr
  whole_key_filtering: 1
  verify_compression: 0
  read_amp_bytes_per_bit: 0
  format_version: 5
  enable_index_compression: 1
  block_align: 0
  max_auto_readahead_size: 262144
  prepopulate_block_cache: 0
  initial_auto_readahead_size: 8192
  num_file_reads_for_auto_readahead: 2
2025/09/21-17:20:41.873435 816c        Options.write_buffer_size: 67108864
2025/09/21-17:20:41.873437 816c  Options.max_write_buffer_number: 2
2025/09/21-17:20:41.873439 816c          Options.compression: LZ4
2025/09/21-17:20:41.873441 816c                  Options.bottommost_compression: Disabled
2025/09/21-17:20:41.873443 816c       Options.prefix_extractor: nullptr
2025/09/21-17:20:41.873445 816c   Options.memtable_insert_with_hint_prefix_extractor: nullptr
2025/09/21-17:20:41.873446 816c             Options.num_levels: 7
2025/09/21-17:20:41.873448 816c        Options.min_write_buffer_number_to_merge: 1
2025/09/21-17:20:41.873450 816c     Options.max_write_buffer_number_to_maintain: 0
2025/09/21-17:20:41.873452 816c     Options.max_write_buffer_size_to_maintain: 0
2025/09/21-17:20:41.873454 816c            Options.bottommost_compression_opts.window_bits: -14
2025/09/21-17:20:41.873455 816c                  Options.bottommost_compression_opts.level: 32767
2025/09/21-17:20:41.873457 816c               Options.bottommost_compression_opts.strategy: 0
2025/09/21-17:20:41.873459 816c         Options.bottommost_compression_opts.max_dict_bytes: 0
2025/09/21-17:20:41.873461 816c         Options.bottommost_compression_opts.zstd_max_train_bytes: 0
2025/09/21-17:20:41.873463 816c         Options.bottommost_compression_opts.parallel_threads: 1
2025/09/21-17:20:41.873464 816c                  Options.bottommost_compression_opts.enabled: false
2025/09/21-17:20:41.873466 816c         Options.bottommost_compression_opts.max_dict_buffer_bytes: 0
2025/09/21-17:20:41.873468 816c         Options.bottommost_compression_opts.use_zstd_dict_trainer: true
2025/09/21-17:20:41.873470 816c            Options.compression_opts.window_bits: -14
2025/09/21-17:20:41.873472 816c                  Options.compression_opts.level: 32767
2025/09/21-17:20:41.873474 816c               Options.compression_opts.strategy: 0
2025/09/21-17:20:41.873476 816c         Options.compression_opts.max_dict_bytes: 0
2025/09/21-17:20:41.873477 816c         Options.compression_opts.zstd_max_train_bytes: 0
2025/09/21-17:20:41.873482 816c         Options.compression_opts.use_zstd_dict_trainer: true
2025/09/21-17:20:41.873484 816c         Options.compression_opts.parallel_threads: 1
2025/09/21-17:20:41.873486 816c                  Options.compression_opts.enabled: false
2025/09/21-17:20:41.873488 816c         Options.compression_opts.max_dict_buffer_bytes: 0
2025/09/21-17:20:41.873489 816c      Options.level0_file_num_compaction_trigger: 4
2025/09/21-17:20:41.873491 816c          Options.level0_slowdown_writes_trigger: 20
2025/09/21-17:20:41.873493 816c              Options.level0_stop_writes_trigger: 36
2025/09/21-17:20:41.873495 816c                   Options.target_file_size_base: 67108864
2025/09/21-17:20:41.873497 816c             Options.target_file_size_multiplier: 1
2025/09/21-17:20:41.873502 816c                Options.max_bytes_for_level_base: 268435456
2025/09/21-17:20:41.873503 816c Options.level_compaction_dynamic_level_bytes: 0
2025/09/21-17:20:41.873505 816c          Options.max_bytes_for_level_multiplier: 10.000000
2025/09/21-17:20:41.873507 816c Options.max_bytes_for_level_multiplier_addtl[0]: 1
2025/09/21-17:20:41.873509 816c Options.max_bytes_for_level_multiplier_addtl[1]: 1
2025/09/21-17:20:41.873511 816c Options.max_bytes_for_level_multiplier_addtl[2]: 1
2025/09/21-17:20:41.873513 816c Options.max_bytes_for_level_multiplier_addtl[3]: 1
2025/09/21-17:20:41.873515 816c Options.max_bytes_for_level_multiplier_addtl[4]: 1
2025/09/21-17:20:41.873516 816c Options.max_bytes_for_level_multiplier_addtl[5]: 1
2025/09/21-17:20:41.873518 816c Options.max_bytes_for_level_multiplier_addtl[6]: 1
2025/09/21-17:20:41.873520 816c       Options.max_sequential_skip_in_iterations: 8
2025/09/21-17:20:41.873522 816c                    Options.max_compaction_bytes: 1677721600
2025/09/21-17:20:41.873524 816c   Options.ignore_max_compaction_bytes_for_input: true
2025/09/21-17:20:41.873526 816c                        Options.arena_block_size: 1048576
2025/09/21-17:20:41.873528 816c   Options.soft_pending_compaction_bytes_limit: 68719476736
2025/09/21-17:20:41.873529 816c   Options.hard_pending_compaction_bytes_limit: 274877906944
2025/09/21-17:20:41.873531 816c                Options.disable_auto_compactions: 0
2025/09/21-17:20:41.873534 816c                        Options.compaction_style: kCompactionStyleLevel
2025/09/21-17:20:41.873537 816c                          Options.compaction_pri: kMinOverlappingRatio
2025/09/21-17:20:41.873538 816c Options.compaction_options_universal.size_ratio: 1
2025/09/21-17:20:41.873540 816c Options.compaction_options_universal.min_merge_width: 2
2025/09/21-17:20:41.873542 816c Options.compaction_options_universal.max_merge_width: 4294967295
2025/09/21-17:20:41.873544 816c Options.compaction_options_universal.max_size_amplification_percent: 200
2025/09/21-17:20:41.873546 816c Options.compaction_options_universal.compression_size_percent: -1
2025/09/21-17:20:41.873548 816c Options.compaction_options_universal.stop_style: kCompactionStopStyleTotalSize
2025/09/21-17:20:41.873550 816c Options.compaction_options_fifo.max_table_files_size: 1073741824
2025/09/21-17:20:41.873552 816c Options.compaction_options_fifo.allow_compaction: 0
2025/09/21-17:20:41.873555 816c                   Options.table_properties_collectors: 
2025/09/21-17:20:41.873557 816c                   Options.inplace_update_support: 0
2025/09/21-17:20:41.873558 816c                 Options.inplace_update_num_locks: 10000
2025/09/21-17:20:41.873560 816c               Options.memtable_prefix_bloom_size_ratio: 0.000000
2025/09/21-17:20:41.873562 816c               Options.memtable_whole_key_filtering: 0
2025/09/21-17:20:41.873564 816c   Options.memtable_huge_page_size: 0
2025/09/21-17:20:41.873566 816c                           Options.bloom_locality: 0
2025/09/21-17:20:41.873567 816c                    Options.max_successive_merges: 0
2025/09/21-17:20:41.873569 816c                Options.optimize_filters_for_hits: 0
2025/09/21-17:20:41.873571 816c                Options.paranoid_file_checks: 0
2025/09/21-17:20:41.873614 816c                Options.force_consistency_checks: 1
2025/09/21-17:20:41.873616 816c                Options.report_bg_io_stats: 0
2025/09/21-17:20:41.873618 816c                               Options.ttl: 2592000
2025/09/21-17:20:41.873620 816c          Options.periodic_compaction_seconds: 0
2025/09/21-17:20:41.873621 816c  Options.preclude_last_level_data_seconds: 0
2025/09/21-17:20:41.873623 816c    Options.preserve_internal_time_seconds: 0
2025/09/21-17:20:41.873625 816c                       Options.enable_blob_files: false
2025/09/21-17:20:41.873627 816c                           Options.min_blob_size: 0
2025/09/21-17:20:41.873629 816c                          Options.blob_file_size: 268435456
2025/09/21-17:20:41.873631 816c                   Options.blob_compression_type: NoCompression
2025/09/21-17:20:41.873632 816c          Options.enable_blob_garbage_collection: false
2025/09/21-17:20:41.873634 816c      Options.blob_garbage_collection_age_cutoff: 0.250000
2025/09/21-17:20:41.873636 816c Options.blob_garbage_collection_force_threshold: 1.000000
2025/09/21-17:20:41.873638 816c          Options.blob_compaction_readahead_size: 0
2025/09/21-17:20:41.873640 816c                Options.blob_file_starting_level: 0
2025/09/21-17:20:41.873642 816c Options.experimental_mempurge_threshold: 0.000000
2025/09/21-17:20:41.876001 816c [db\version_set.cc:5842] Recovered from manifest file:C:\Users\codz\Desktop\Github\Server-Files\Files\db\default/MANIFEST-000001 succeeded,manifest_file_number is 1, next_file_number is 3, last_sequence is 0, log_number is 0,prev_log_number is 0,max_column_family is 0,min_log_number_to_keep is 0
2025/09/21-17:20:41.876014 816c [db\version_set.cc:5851] Column family [default] (ID 0), log number is 0
2025/09/21-17:20:41.876220 816c [db\db_impl\db_impl_open.cc:636] DB ID: 88bea703-96fe-11f0-b89e-a036bcae06aa
2025/09/21-17:20:41.876979 816c [db\version_set.cc:5304] Creating manifest 5
2025/09/21-17:20:41.894911 816c [db\db_impl\db_impl_open.cc:2085] SstFileManager instance 0000026516BD05C0
2025/09/21-17:20:41.895180 816c DB pointer 000002651804F740
2025/09/21-17:20:41.895546 77cc [db\db_impl\db_impl.cc:1091] ------- DUMPING STATS -------
2025/09/21-17:20:41.895557 77cc [db\db_impl\db_impl.cc:1092] 
** DB Stats **
Uptime(secs): 0.0 total, 0.0 interval
Cumulative writes: 0 writes, 0 keys, 0 commit groups, 0.0 writes per commit group, ingest: 0.00 GB, 0.00 MB/s
Cumulative WAL: 0 writes, 0 syncs, 0.00 writes per sync, written: 0.00 GB, 0.00 MB/s
Cumulative stall: 00:00:0.000 H:M:S, 0.0 percent
Interval writes: 0 writes, 0 keys, 0 commit groups, 0.0 writes per commit group, ingest: 0.00 MB, 0.00 MB/s
Interval WAL: 0 writes, 0 syncs, 0.00 writes per sync, written: 0.00 GB, 0.00 MB/s
Interval stall: 00:00:0.000 H:M:S, 0.0 percent
Write Stall (count): write-buffer-manager-limit-stops: 0

** Compaction Stats [default] **
Level    Files   Size     Score Read(GB)  Rn(GB) Rnp1(GB) Write(GB) Wnew(GB) Moved(GB) W-Amp Rd(MB/s) Wr(MB/s) Comp(sec) CompMergeCPU(sec) Comp(cnt) Avg(sec) KeyIn KeyDrop Rblob(GB) Wblob(GB)
------------------------------------------------------------------------------------------------------------------------------------------------------------------------------------------------
 Sum      0/0    0.00 KB   0.0      0.0     0.0      0.0       0.0      0.0       0.0   0.0      0.0      0.0      0.00              0.00         0    0.000       0      0       0.0       0.0
 Int      0/0    0.00 KB   0.0      0.0     0.0      0.0       0.0      0.0       0.0   0.0      0.0      0.0      0.00              0.00         0    0.000       0      0       0.0       0.0

** Compaction Stats [default] **
Priority    Files   Size     Score Read(GB)  Rn(GB) Rnp1(GB) Write(GB) Wnew(GB) Moved(GB) W-Amp Rd(MB/s) Wr(MB/s) Comp(sec) CompMergeCPU(sec) Comp(cnt) Avg(sec) KeyIn KeyDrop Rblob(GB) Wblob(GB)
---------------------------------------------------------------------------------------------------------------------------------------------------------------------------------------------------

Blob file count: 0, total size: 0.0 GB, garbage size: 0.0 GB, space amp: 0.0

Uptime(secs): 0.0 total, 0.0 interval
Flush(GB): cumulative 0.000, interval 0.000
AddFile(GB): cumulative 0.000, interval 0.000
AddFile(Total Files): cumulative 0, interval 0
AddFile(L0 Files): cumulative 0, interval 0
AddFile(Keys): cumulative 0, interval 0
Cumulative compaction: 0.00 GB write, 0.00 MB/s write, 0.00 GB read, 0.00 MB/s read, 0.0 seconds
Interval compaction: 0.00 GB write, 0.00 MB/s write, 0.00 GB read, 0.00 MB/s read, 0.0 seconds
Write Stall (count): cf-l0-file-count-limit-delays-with-ongoing-compaction: 0, cf-l0-file-count-limit-stops-with-ongoing-compaction: 0, l0-file-count-limit-delays: 0, l0-file-count-limit-stops: 0, memtable-limit-delays: 0, memtable-limit-stops: 0, pending-compaction-bytes-delays: 0, pending-compaction-bytes-stops: 0, total-delays: 0, total-stops: 0
Block cache LRUCache@0000026517F24770#26948 capacity: 32.00 MB seed: 65427626 usage: 0.08 KB table_size: 1024 occupancy: 1 collections: 1 last_copies: 0 last_secs: 3.8e-05 secs_since: 0
Block cache entry stats(count,size,portion): Misc(1,0.00 KB,0%)

** File Read Latency Histogram By Level [default] **
2025/09/21-17:30:41.896774 77cc [db\db_impl\db_impl.cc:1091] ------- DUMPING STATS -------
2025/09/21-17:30:41.896820 77cc [db\db_impl\db_impl.cc:1092] 
** DB Stats **
Uptime(secs): 600.0 total, 600.0 interval
Cumulative writes: 1 writes, 1 keys, 1 commit groups, 1.0 writes per commit group, ingest: 0.00 GB, 0.00 MB/s
Cumulative WAL: 1 writes, 1 syncs, 1.00 writes per sync, written: 0.00 GB, 0.00 MB/s
Cumulative stall: 00:00:0.000 H:M:S, 0.0 percent
Interval writes: 1 writes, 1 keys, 1 commit groups, 1.0 writes per commit group, ingest: 0.00 MB, 0.00 MB/s
Interval WAL: 1 writes, 1 syncs, 1.00 writes per sync, written: 0.00 GB, 0.00 MB/s
Interval stall: 00:00:0.000 H:M:S, 0.0 percent
Write Stall (count): write-buffer-manager-limit-stops: 0

** Compaction Stats [default] **
Level    Files   Size     Score Read(GB)  Rn(GB) Rnp1(GB) Write(GB) Wnew(GB) Moved(GB) W-Amp Rd(MB/s) Wr(MB/s) Comp(sec) CompMergeCPU(sec) Comp(cnt) Avg(sec) KeyIn KeyDrop Rblob(GB) Wblob(GB)
------------------------------------------------------------------------------------------------------------------------------------------------------------------------------------------------
 Sum      0/0    0.00 KB   0.0      0.0     0.0      0.0       0.0      0.0       0.0   0.0      0.0      0.0      0.00              0.00         0    0.000       0      0       0.0       0.0
 Int      0/0    0.00 KB   0.0      0.0     0.0      0.0       0.0      0.0       0.0   0.0      0.0      0.0      0.00              0.00         0    0.000       0      0       0.0       0.0

** Compaction Stats [default] **
Priority    Files   Size     Score Read(GB)  Rn(GB) Rnp1(GB) Write(GB) Wnew(GB) Moved(GB) W-Amp Rd(MB/s) Wr(MB/s) Comp(sec) CompMergeCPU(sec) Comp(cnt) Avg(sec) KeyIn KeyDrop Rblob(GB) Wblob(GB)
---------------------------------------------------------------------------------------------------------------------------------------------------------------------------------------------------

Blob file count: 0, total size: 0.0 GB, garbage size: 0.0 GB, space amp: 0.0

Uptime(secs): 600.0 total, 600.0 interval
Flush(GB): cumulative 0.000, interval 0.000
AddFile(GB): cumulative 0.000, interval 0.000
AddFile(Total Files): cumulative 0, interval 0
AddFile(L0 Files): cumulative 0, interval 0
AddFile(Keys): cumulative 0, interval 0
Cumulative compaction: 0.00 GB write, 0.00 MB/s write, 0.00 GB read, 0.00 MB/s read, 0.0 seconds
Interval compaction: 0.00 GB write, 0.00 MB/s write, 0.00 GB read, 0.00 MB/s read, 0.0 seconds
Write Stall (count): cf-l0-file-count-limit-delays-with-ongoing-compaction: 0, cf-l0-file-count-limit-stops-with-ongoing-compaction: 0, l0-file-count-limit-delays: 0, l0-file-count-limit-stops: 0, memtable-limit-delays: 0, memtable-limit-stops: 0, pending-compaction-bytes-delays: 0, pending-compaction-bytes-stops: 0, total-delays: 0, total-stops: 0
Block cache LRUCache@0000026517F24770#26948 capacity: 32.00 MB seed: 65427626 usage: 0.08 KB table_size: 1024 occupancy: 1 collections: 2 last_copies: 0 last_secs: 8e-05 secs_since: 0
Block cache entry stats(count,size,portion): Misc(1,0.00 KB,0%)

** File Read Latency Histogram By Level [default] **
2025/09/21-17:40:41.898706 77cc [db\db_impl\db_impl.cc:1091] ------- DUMPING STATS -------
2025/09/21-17:40:41.898750 77cc [db\db_impl\db_impl.cc:1092] 
** DB Stats **
Uptime(secs): 1200.0 total, 600.0 interval
Cumulative writes: 1 writes, 1 keys, 1 commit groups, 1.0 writes per commit group, ingest: 0.00 GB, 0.00 MB/s
Cumulative WAL: 1 writes, 1 syncs, 1.00 writes per sync, written: 0.00 GB, 0.00 MB/s
Cumulative stall: 00:00:0.000 H:M:S, 0.0 percent
Interval writes: 0 writes, 0 keys, 0 commit groups, 0.0 writes per commit group, ingest: 0.00 MB, 0.00 MB/s
Interval WAL: 0 writes, 0 syncs, 0.00 writes per sync, written: 0.00 GB, 0.00 MB/s
Interval stall: 00:00:0.000 H:M:S, 0.0 percent
Write Stall (count): write-buffer-manager-limit-stops: 0

** Compaction Stats [default] **
Level    Files   Size     Score Read(GB)  Rn(GB) Rnp1(GB) Write(GB) Wnew(GB) Moved(GB) W-Amp Rd(MB/s) Wr(MB/s) Comp(sec) CompMergeCPU(sec) Comp(cnt) Avg(sec) KeyIn KeyDrop Rblob(GB) Wblob(GB)
------------------------------------------------------------------------------------------------------------------------------------------------------------------------------------------------
 Sum      0/0    0.00 KB   0.0      0.0     0.0      0.0       0.0      0.0       0.0   0.0      0.0      0.0      0.00              0.00         0    0.000       0      0       0.0       0.0
 Int      0/0    0.00 KB   0.0      0.0     0.0      0.0       0.0      0.0       0.0   0.0      0.0      0.0      0.00              0.00         0    0.000       0      0       0.0       0.0

** Compaction Stats [default] **
Priority    Files   Size     Score Read(GB)  Rn(GB) Rnp1(GB) Write(GB) Wnew(GB) Moved(GB) W-Amp Rd(MB/s) Wr(MB/s) Comp(sec) CompMergeCPU(sec) Comp(cnt) Avg(sec) KeyIn KeyDrop Rblob(GB) Wblob(GB)
---------------------------------------------------------------------------------------------------------------------------------------------------------------------------------------------------

Blob file count: 0, total size: 0.0 GB, garbage size: 0.0 GB, space amp: 0.0

Uptime(secs): 1200.0 total, 600.0 interval
Flush(GB): cumulative 0.000, interval 0.000
AddFile(GB): cumulative 0.000, interval 0.000
AddFile(Total Files): cumulative 0, interval 0
AddFile(L0 Files): cumulative 0, interval 0
AddFile(Keys): cumulative 0, interval 0
Cumulative compaction: 0.00 GB write, 0.00 MB/s write, 0.00 GB read, 0.00 MB/s read, 0.0 seconds
Interval compaction: 0.00 GB write, 0.00 MB/s write, 0.00 GB read, 0.00 MB/s read, 0.0 seconds
Write Stall (count): cf-l0-file-count-limit-delays-with-ongoing-compaction: 0, cf-l0-file-count-limit-stops-with-ongoing-compaction: 0, l0-file-count-limit-delays: 0, l0-file-count-limit-stops: 0, memtable-limit-delays: 0, memtable-limit-stops: 0, pending-compaction-bytes-delays: 0, pending-compaction-bytes-stops: 0, total-delays: 0, total-stops: 0
Block cache LRUCache@0000026517F24770#26948 capacity: 32.00 MB seed: 65427626 usage: 0.08 KB table_size: 1024 occupancy: 1 collections: 3 last_copies: 0 last_secs: 6.7e-05 secs_since: 0
Block cache entry stats(count,size,portion): Misc(1,0.00 KB,0%)

** File Read Latency Histogram By Level [default] **
2025/09/21-17:50:41.899110 77cc [db\db_impl\db_impl.cc:1091] ------- DUMPING STATS -------
2025/09/21-17:50:41.899166 77cc [db\db_impl\db_impl.cc:1092] 
** DB Stats **
Uptime(secs): 1800.0 total, 600.0 interval
Cumulative writes: 1 writes, 1 keys, 1 commit groups, 1.0 writes per commit group, ingest: 0.00 GB, 0.00 MB/s
Cumulative WAL: 1 writes, 1 syncs, 1.00 writes per sync, written: 0.00 GB, 0.00 MB/s
Cumulative stall: 00:00:0.000 H:M:S, 0.0 percent
Interval writes: 0 writes, 0 keys, 0 commit groups, 0.0 writes per commit group, ingest: 0.00 MB, 0.00 MB/s
Interval WAL: 0 writes, 0 syncs, 0.00 writes per sync, written: 0.00 GB, 0.00 MB/s
Interval stall: 00:00:0.000 H:M:S, 0.0 percent
Write Stall (count): write-buffer-manager-limit-stops: 0
2025/09/21-18:00:41.900084 77cc [db\db_impl\db_impl.cc:1091] ------- DUMPING STATS -------
2025/09/21-18:00:41.900138 77cc [db\db_impl\db_impl.cc:1092] 
** DB Stats **
Uptime(secs): 2400.0 total, 600.0 interval
Cumulative writes: 1 writes, 1 keys, 1 commit groups, 1.0 writes per commit group, ingest: 0.00 GB, 0.00 MB/s
Cumulative WAL: 1 writes, 1 syncs, 1.00 writes per sync, written: 0.00 GB, 0.00 MB/s
Cumulative stall: 00:00:0.000 H:M:S, 0.0 percent
Interval writes: 0 writes, 0 keys, 0 commit groups, 0.0 writes per commit group, ingest: 0.00 MB, 0.00 MB/s
Interval WAL: 0 writes, 0 syncs, 0.00 writes per sync, written: 0.00 GB, 0.00 MB/s
Interval stall: 00:00:0.000 H:M:S, 0.0 percent
Write Stall (count): write-buffer-manager-limit-stops: 0
2025/09/21-18:10:41.900947 77cc [db\db_impl\db_impl.cc:1091] ------- DUMPING STATS -------
2025/09/21-18:10:41.900975 77cc [db\db_impl\db_impl.cc:1092] 
** DB Stats **
Uptime(secs): 3000.0 total, 600.0 interval
Cumulative writes: 1 writes, 1 keys, 1 commit groups, 1.0 writes per commit group, ingest: 0.00 GB, 0.00 MB/s
Cumulative WAL: 1 writes, 1 syncs, 1.00 writes per sync, written: 0.00 GB, 0.00 MB/s
Cumulative stall: 00:00:0.000 H:M:S, 0.0 percent
Interval writes: 0 writes, 0 keys, 0 commit groups, 0.0 writes per commit group, ingest: 0.00 MB, 0.00 MB/s
Interval WAL: 0 writes, 0 syncs, 0.00 writes per sync, written: 0.00 GB, 0.00 MB/s
Interval stall: 00:00:0.000 H:M:S, 0.0 percent
Write Stall (count): write-buffer-manager-limit-stops: 0
2025/09/21-18:20:41.902189 77cc [db\db_impl\db_impl.cc:1091] ------- DUMPING STATS -------
2025/09/21-18:20:41.902267 77cc [db\db_impl\db_impl.cc:1092] 
** DB Stats **
Uptime(secs): 3600.0 total, 600.0 interval
Cumulative writes: 1 writes, 1 keys, 1 commit groups, 1.0 writes per commit group, ingest: 0.00 GB, 0.00 MB/s
Cumulative WAL: 1 writes, 1 syncs, 1.00 writes per sync, written: 0.00 GB, 0.00 MB/s
Cumulative stall: 00:00:0.000 H:M:S, 0.0 percent
Interval writes: 0 writes, 0 keys, 0 commit groups, 0.0 writes per commit group, ingest: 0.00 MB, 0.00 MB/s
Interval WAL: 0 writes, 0 syncs, 0.00 writes per sync, written: 0.00 GB, 0.00 MB/s
Interval stall: 00:00:0.000 H:M:S, 0.0 percent
Write Stall (count): write-buffer-manager-limit-stops: 0
2025/09/21-18:30:41.903398 77cc [db\db_impl\db_impl.cc:1091] ------- DUMPING STATS -------
2025/09/21-18:30:41.903429 77cc [db\db_impl\db_impl.cc:1092] 
** DB Stats **
Uptime(secs): 4200.0 total, 600.0 interval
Cumulative writes: 1 writes, 1 keys, 1 commit groups, 1.0 writes per commit group, ingest: 0.00 GB, 0.00 MB/s
Cumulative WAL: 1 writes, 1 syncs, 1.00 writes per sync, written: 0.00 GB, 0.00 MB/s
Cumulative stall: 00:00:0.000 H:M:S, 0.0 percent
Interval writes: 0 writes, 0 keys, 0 commit groups, 0.0 writes per commit group, ingest: 0.00 MB, 0.00 MB/s
Interval WAL: 0 writes, 0 syncs, 0.00 writes per sync, written: 0.00 GB, 0.00 MB/s
Interval stall: 00:00:0.000 H:M:S, 0.0 percent
Write Stall (count): write-buffer-manager-limit-stops: 0
2025/09/21-18:40:41.912893 77cc [db\db_impl\db_impl.cc:1091] ------- DUMPING STATS -------
2025/09/21-18:40:41.912920 77cc [db\db_impl\db_impl.cc:1092] 
** DB Stats **
Uptime(secs): 4800.0 total, 600.0 interval
Cumulative writes: 1 writes, 1 keys, 1 commit groups, 1.0 writes per commit group, ingest: 0.00 GB, 0.00 MB/s
Cumulative WAL: 1 writes, 1 syncs, 1.00 writes per sync, written: 0.00 GB, 0.00 MB/s
Cumulative stall: 00:00:0.000 H:M:S, 0.0 percent
Interval writes: 0 writes, 0 keys, 0 commit groups, 0.0 writes per commit group, ingest: 0.00 MB, 0.00 MB/s
Interval WAL: 0 writes, 0 syncs, 0.00 writes per sync, written: 0.00 GB, 0.00 MB/s
Interval stall: 00:00:0.000 H:M:S, 0.0 percent
Write Stall (count): write-buffer-manager-limit-stops: 0
2025/09/21-18:49:32.691624 5eb4 [db\db_impl\db_impl.cc:496] Shutdown: canceling all background work
2025/09/21-18:49:32.697220 5eb4 [db\db_impl\db_impl.cc:698] Shutdown complete
